0 72 136 150 171 188 220 227 228 234 235 236 246 247 248 250 251 252 259 266 269 273 278 281 298
1 46 70 84 124 159 174 201 215 217 220 223 225 233 236 247 249 251 252 253 262 285 292 296
2 138 155 162 164 165 169 176 185 206 222 228 236 240 244 248 251 252 255 256 265 266 268 272 281
3 114 153 180 186 187 201 202 203 219 222 226 227 237 249 252 263 268 270 276 282 290 296
4 99 102 110 157 169 180 185 222 226 230 237 240 242 246 247 249 250 251 252 255 273 274 289
5 65 109 143 203 226 241 243 244 246 248 250 251 253 254 255 256 257 258 260 282 293 295 296 297
6 144 197 202 210 221 222 223 236 237 248 250 251 253 256 262 265 282 289 291 295 298
7 158 159 166 193 196 222 225 240 242 252 253 259 261 262 267 268 274 281 283 289 293 297 298
8 109 150 159 166 170 173 174 201 203 204 210 215 228 231 242 243 247 250 253 256 257 275 298
9 26 146 171 172 177 178 200 205 206 209 212 227 228 235 246 247 248 249 251 253 259 278 290
10 28 105 131 147 166 168 170 229 232 242 243 248 249 250 253 254 262 264 271 274 287 288
11 18 66 76 77 226 227 228 229 230 231 241 244 246 247 248 249 250 251 253 255 256 258 259 260
12 11 40 119 150 159 161 167 183 193 203 212 224 226 227 239 248 252 259 273 279 288 290 297 298
13 1 5 7 17 30 31 39 40 51 94 101 103 138 150 157 159 166 173 176 198 205 238 286
14 26 144 152 156 159 170 197 198 205 207 219 225 237 251 253 255 256 260 264 265 278 291 293 296
15 121 152 163 170 176 189 191 192 194 197 199 213 217 230 232 240 244 246 264 270 273 298
16 158 159 162 175 185 187 215 220 221 226 227 228 231 233 250 252 253 254 263 275 280 282 285
17 151 153 154 177 185 192 194 207 213 224 230 235 238 242 245 249 253 261 272 294 299
18 23 154 166 171 172 176 183 194 216 225 237 247 249 257 258 259 273 280 284 287 297 298
19 98 150 159 161 163 167 168 173 193 213 214 227 246 248 249 253 254 263 264 273 279 290 297 298
20 12 16 35 48 72 73 101 102 108 132 145 159 160 161 168 176 179 206 211 241 269 280
21 40 67 121 155 156 226 228 229 230 233 237 238 241 244 246 248 249 251 253 254 255 258 260 292
22 69 113 150 154 175 187 195 198 230 231 233 239 247 248 249 250 252 253 262 288 298
23 84 150 156 159 163 174 189 195 202 203 204 205 215 218 228 233 238 246 249 250 252 286 295 296
24 73 123 226 227 229 230 232 236 237 238 239 241 242 248 253 255 258 262 263 270 284 286 289 290
25 21 47 71 156 160 165 171 185 189 199 208 223 239 240 241 242 251 259 260 264 283 287
26 4 29 48 63 75 103 136 140 146 152 163 166 168 242 250 252 259 275 284 285 290
27 68 81 129 150 155 157 182 184 191 197 199 217 218 226 242 248 251 252 259 273 278 284 294 299
28 150 154 159 170 187 188 195 216 226 227 236 237 239 242 246 249 273 290 292 293 298
29 145 154 158 160 172 175 201 208 211 214 221 226 233 237 238 240 247 267 274 275 277 278 294
30 10 150 152 153 158 189 214 216 217 224 247 249 250 252 253 256 257 263 271 279 285 288 295
31 50 167 177 178 210 219 222 223 229 235 237 248 249 250 254 264 265 269 274 278 281 289 290 291
32 44 66 77 128 157 161 167 168 199 202 203 226 229 239 246 247 248 249 252 253 254 264 288
33 170 226 231 234 236 237 238 243 244 246 248 251 252 256 260 261 267 289 291 294 298
34 39 81 184 201 229 235 236 238 241 242 248 249 252 253 254 262 263 266 272 276 280 286 287
35 67 144 181 226 229 232 233 235 236 237 238 241 244 247 248 250 252 253 258 259 260
36 56 65 175 203 206 207 208 211 245 246 250 253 257 261 271 272 274 291 292 294 295
37 99 137 150 154 157 168 175 188 220 228 231 235 237 238 242 246 251 274 284 285 292 295 298
38 35 125 224 226 228 233 234 235 241 242 247 248 253 259 263 271 282 283 290 295
39 157 166 235 237 238 244 255 257 264 265 269 271 272 276 278 279 280 281 287 291 292
40 46 155 159 172 176 184 194 199 210 228 235 243 245 248 249 250 254 259 264 278 286 287
41 151 158 161 164 168 179 183 214 221 224 232 243 246 249 250 254 257 262 271 276 280 281 287 299
42 45 167 171 173 174 179 190 192 200 209 226 240 244 250 256 261 262 267 272 273 288 289 290 297
43 153 223 226 234 235 236 237 242 249 250 257 261 263 269 270 271 273 279 285 287 288 291 294
44 22 91 130 174 175 187 191 195 197 226 233 239 246 247 248 249 251 252 253 268 288 295
45 50 86 135 159 161 178 191 193 196 200 203 213 218 229 235 246 249 251 272 281 286 290 292
46 60 81 101 126 155 157 165 167 168 184 199 205 226 227 246 248 249 250 251 252 253 284 299
47 2 18 65 152 156 170 201 223 237 244 250 255 260 265 267 269 278 279 281 283 284 290
48 57 68 158 167 179 221 224 234 235 246 247 248 249 251 252 253 256 265 266 279 282 284 291
49 154 155 158 163 164 172 176 186 187 198 199 200 212 215 244 258 259 264 271 280 292 298
50 5 54 56 58 64 76 77 105 124 131 140 150 152 179 204 206 213 221 222 230 267 282 294 296
51 30 58 75 120 153 155 161 167 179 187 189 193 200 224 226 229 247 248 249 253 254 258 273 298
52 43 180 226 228 229 232 235 236 241 249 256 258 260 263 264 276 284 290 291 292 294 297
53 3 12 21 22 25 28 83 84 92 105 110 116 158 192 193 219 223 225 226 254 259 268 278
54 154 155 159 161 170 195 196 197 203 209 210 223 227 229 230 256 270 272 273 285 290 293 298
55 19 151 154 174 182 186 201 208 213 223 228 241 244 246 250 252 254 255 260 261 277 282
56 0 49 88 101 120 136 155 165 167 174 181 183 184 199 217 223 233 252 268 276 284 288 297 299
57 133 160 167 173 190 191 193 198 205 218 226 227 238 239 243 244 245 250 267 278 284 287 291
58 0 33 71 88 120 121 136 195 210 223 228 233 247 250 252 253 262 285 288 289 290 291
59 82 155 159 168 176 198 199 207 216 217 228 232 249 250 252 253 264 269 270 273 283 286 288 289
60 26 28 34 67 72 115 124 128 140 174 178 189 219 229 256 264 272 284 286 290 298 299
61 103 175 178 213 232 233 234 248 249 251 254 261 264 265 266 270 278 280 290 291 292 296
62 151 161 168 175 181 183 204 217 224 229 233 237 239 246 249 250 252 254 257 264 273 286 291
63 1 47 125 143 157 165 184 187 188 195 199 218 220 224 226 244 247 248 250 251 253 263 280 292
64 150 153 155 159 173 178 179 200 213 225 228 229 235 237 241 254 262 263 268 283 284 285 289 297
65 158 161 179 183 186 192 196 203 211 214 229 230 231 244 247 255 267 269 284 286 295
66 155 158 169 174 180 194 197 199 202 209 211 220 224 231 233 236 255 265 275 278 279 282 294
67 35 125 155 159 161 168 187 195 208 213 226 229 246 249 250 251 252 253 264 279 290 299
68 59 72 75 83 144 154 175 188 198 244 246 247 248 249 250 252 253 254 256 258 259 260 267
69 6 30 162 177 178 197 200 206 212 224 234 247 248 249 251 256 257 263 269 280 290 291 292 295
70 78 146 226 228 229 230 231 241 243 247 249 250 251 252 253 255 256 258 259 260 270 299
71 13 42 47 48 74 83 96 102 111 117 145 159 165 197 199 212 216 218 247 252 254 295
72 58 129 131 162 175 178 192 206 217 220 226 231 233 234 236 239 246 248 257 282 285 293 294 295
73 18 62 151 152 154 155 182 220 224 227 232 234 235 248 250 253 254 257 263 264 266 280 286
74 41 155 156 167 168 171 173 179 200 203 212 225 226 227 229 253 254 255 256 257 259 264 270 273
75 18 62 150 166 168 187 201 202 223 225 237 244 246 247 251 252 253 254 255 256 261 289 295 296
76 1 7 12 27 37 43 48 52 64 109 147 148 155 162 165 175 198 211 218 232 250 257 270 282
77 31 150 153 167 180 188 193 224 226 229 239 246 247 249 251 252 253 255 258 263 268 279 298
78 29 157 167 168 184 187 218 224 232 239 241 246 247 254 257 258 271 280 284 293
79 47 74 151 174 182 183 217 224 229 232 243 246 249 250 252 253 254 259 264 276 287 288 299
80 79 224 227 232 233 236 242 246 249 251 254 260 265 269 270 277 279 281 286 287 291 293 294 298
81 77 82 151 154 158 160 165 167 182 184 191 199 218 238 239 242 247 248 249 250 251 252 267 284
82 23 122 150 157 167 184 197 199 226 227 229 242 244 247 248 250 252 253 254 263 274 284 298
83 15 31 123 135 164 165 166 172 180 194 206 214 221 233 234 246 248 255 256 257 268 274 298
84 150 154 168 174 175 190 197 202 214 218 223 229 233 234 243 246 254 258 261 262 267 272 294
85 35 49 125 133 149 150 155 156 161 164 165 184 197 199 211 219 232 239 248 252 253 264 271 283
86 55 100 132 187 194 224 227 228 229 231 237 242 243 244 246 248 250 252 255 259 262 284 285
87 158 169 178 180 183 186 195 199 219 247 249 258 263 266 267 278 279 284 285 289 296 297
88 26 58 78 101 108 147 152 158 167 182 209 210 212 213 217 223 226 231 248 257 261 286 297
89 15 78 81 90 91 99 101 108 111 129 133 155 187 212 218 231 232 235 250 290 291 296
90 82 129 150 159 167 178 193 200 203 212 213 226 229 239 249 251 253 268 272 279 288
91 33 88 99 110 119 139 149 162 164 167 178 179 197 206 212 219 227 228 229 259 273 282 297
92 13 34 100 175 224 227 228 230 232 234 235 237 238 240 247 257 260 262 266 283 290 292 294 296
93 6 52 155 157 165 167 175 187 188 195 206 220 223 233 246 248 249 251 252 253 262 284 288
94 14 15 101 159 170 173 178 201 204 209 211 213 219 231 236 247 249 285 290 293 295 296
95 2 8 27 31 58 79 86 115 125 139 174 186 223 227 228 233 235 247 252 255 259 262 278 288
96 54 106 188 192 195 233 239 240 246 247 248 249 250 252 254 256 257 258 259 260 262 269
97 14 18 31 36 68 79 92 98 195 224 227 229 230 231 233 237 241 247 251 252 254 257 260
98 36 189 191 217 229 231 234 235 237 241 244 246 248 250 256 260 262 264 265 280 290 291 295
99 119 156 162 163 164 173 188 201 203 207 211 213 214 219 220 226 246 248 251 256 263 268 275 291
100 91 116 141 142 150 159 165 168 170 174 179 185 186 191 201 209 225 231 247 259 268 297 298
101 77 112 162 174 178 183 187 188 192 198 200 206 212 223 233 246 247 251 252 267 277 288 290
102 46 66 122 133 224 228 229 232 234 236 237 241 250 251 252 253 254 256 257 259 283 284
103 36 155 157 171 175 179 184 197 218 227 244 247 248 250 251 252 259 266 268 284 293 294
104 12 20 23 25 67 79 87 93 119 138 140 186 209 227 248 250 251 257 258 259 260 273 282
105 143 150 151 165 167 180 194 224 226 230 242 244 251 253 256 259 275 277 281 282 294 296 297 298
106 118 131 150 171 177 178 192 200 206 212 235 237 242 246 248 249 251 259 269 273 274 277 298
107 67 72 224 227 230 231 233 239 242 243 246 247 254 258 260 263 264 266 267 285 295 298
108 171 187 195 198 227 228 232 233 246 250 251 254 258 259 264 265 267 268 287 295 297
109 15 35 41 43 47 75 93 103 105 123 126 142 143 165 178 183 203 213 225 242 252 266 278 292
110 106 207 226 227 228 229 230 231 243 249 250 251 252 253 254 255 256 257 258 259 261 262 291
111 23 92 99 115 127 150 154 155 170 175 180 199 237 239 242 250 251 256 263 267 284 289 291
112 195 201 214 215 221 223 232 233 238 241 242 252 265 266 268 277 279 280 289 295 296
113 163 173 180 184 196 199 205 209 212 217 220 222 223 228 233 234 243 250 258 284 289 291 292
114 169 170 171 173 181 183 204 216 227 229 230 231 242 249 262 270 271 274 279 283 285 299
115 59 110 138 145 148 153 158 179 193 214 217 221 234 241 246 247 248 249 250 253 256 263 280 282
116 32 45 89 153 178 187 193 224 226 227 229 244 248 249 250 253 255 257 258 259 260 263 273 279
117 0 8 18 19 24 67 76 100 121 123 158 200 213 224 229 234 236 243 282 284 287 298
118 30 33 52 101 174 187 229 230 231 232 235 236 238 239 241 243 248 250 252 255 258 260 276 288
119 46 56 66 156 160 164 166 183 229 243 246 248 250 252 254 264 270 272 281 283 287 297
120 75 151 173 176 189 206 208 224 234 239 241 247 252 254 257 258 270 281 283 288 290 297
121 72 81 150 155 187 188 193 196 213 223 224 227 237 244 246 252 256 263 264 278 282 288 290
122 95 161 164 173 177 190 191 196 203 215 216 223 253 257 264 271 272 275 285 295 297 299
123 153 155 158 159 160 167 170 201 211 213 224 233 234 253 254 256 262 268 280 284 287 288 292 294
124 151 152 161 166 176 181 190 195 196 198 207 210 216 217 232 243 245 254 261 264 271 286 297
125 55 65 154 156 167 177 182 187 202 205 207 215 232 244 257 264 265 268 273 281 284 286 292
126 0 18 54 96 97 99 100 101 102 105 148 176 240 242 247 248 249 252 253 263 280 283
127 55 166 169 201 228 231 235 237 238 241 244 250 253 260 264 269 278 281 283 284 285 290 294
128 12 18 24 27 49 51 54 58 74 77 78 86 87 98 99 102 115 129 133 139 141 144 149 210
129 7 25 27 49 56 59 66 71 74 77 89 96 97 99 100 102 103 125 129 132 143 144 146
130 0 27 37 49 58 71 78 80 86 87 96 97 99 100 101 115 117 120 121 129 133 138 144 205
131 6 7 8 14 31 59 62 76 83 89 96 97 99 102 107 110 113 116 123 144 146 153
132 0 4 10 32 49 58 68 90 96 97 98 99 100 101 102 103 117 118 120 133 141 149 229 286
133 49 71 77 80 85 87 96 97 98 99 100 101 102 112 113 120 121 136 145 148 186 222 299
134 0 29 33 71 88 90 91 96 97 98 100 102 112 120 121 136 137 141 142 149 226
135 0 36 78 79 82 83 84 85 87 89 94 96 97 99 105 108 109 112 114 129 142 192 282
136 29 79 89 93 96 97 98 99 100 101 102 112 114 129 133 134 143 144 145 148 159 188 206
137 0 19 32 33 37 66 68 71 78 80 81 91 93 100 111 112 121 122 123 131 141 142 143 149
138 32 38 39 48 61 75 79 83 84 85 87 90 91 94 101 104 107 112 118 126 127 130 137
139 1 11 13 15 43 52 55 74 77 82 96 98 100 101 103 123 147 166 172 238 255
140 0 18 19 21 50 54 66 71 80 88 96 97 99 100 101 117 120 121 131 132 137 235
141 7 15 16 21 26 30 43 53 57 63 67 75 86 89 102 106 108 124 131 147 148 149
142 7 34 41 43 51 67 80 83 90 96 98 116 126 130 133 134 138 146 174 224 241 261 280
143 0 12 51 59 68 78 79 80 87 90 97 98 99 100 101 102 122 131 137 146 148 160 285
144 0 7 18 58 61 77 80 82 84 89 90 91 98 108 109 115 119 131 133 135 141 142 145
145 9 21 33 36 38 61 74 77 93 97 99 100 102 103 110 119 123 151 172 212 253 275
146 2 6 10 19 20 21 22 32 33 34 42 46 47 61 68 89 90 99 102 111 112 117 224 275
147 4 19 32 35 36 46 48 49 58 63 75 76 90 91 99 118 120 126 134 137 141 142
148 0 20 27 42 44 56 58 67 76 80 89 96 98 100 108 115 129 135 139 140 173 175
149 0 4 9 19 36 48 49 68 75 91 97 99 101 102 133 137 142 149 219 220 231 236 252
150 21 24 33 76 79 84 89 90 97 98 99 102 104 111 116 119 121 126 128 133 136 143 147 189
151 0 60 79 80 82 83 84 94 95 98 99 102 103 104 105 107 112 114 131 135 137 149 198 219
152 16 22 26 31 58 69 74 78 80 82 100 102 105 110 114 116 121 127 140 141 146
153 4 16 17 47 54 72 91 105 107 118 128 167 188 203 210 222 228 235 248 269 274 279 284
154 0 21 25 42 90 97 114 134 143 146 154 158 179 193 210 214 221 224 246 267
155 0 78 87 88 94 96 97 98 100 102 103 107 108 109 112 136 137 141 145 147 149 233 292
156 0 3 9 22 25 36 38 48 64 69 92 96 97 98 99 100 101 102 109 119 140 153 208 221
157 6 12 40 95 100 102 108 120 122 128 141 163 169 170 176 196 197 200 238 249 258 266 273 281
158 27 38 86 97 98 99 100 103 104 105 108 109 110 115 125 129 139 144 162 217 260 299
159 23 32 33 49 58 61 68 71 75 84 96 98 99 101 102 120 133 136 141 142 149 176 217 283
160 2 4 29 31 32 34 77 82 86 91 101 108 112 114 116 119 122 124 125 137 138
161 0 7 30 37 40 59 86 90 96 97 98 99 100 102 118 126 134 143 144 146 182 205
162 0 19 25 27 28 42 56 58 67 70 86 96 97 98 99 100 102 121 124 125 137 139 182 202
163 23 25 27 35 44 90 93 95 96 107 113 119 123 131 142 155 157 210 236 246 286 293 294 298
164 4 66 69 74 77 80 99 103 108 110 112 144 206 213 215 234 238 240 281 292 293
165 7 9 36 37 49 70 90 109 131 134 138 140 143 146 148 154 175 186 187 220 239 246 251 263
166 0 22 32 33 49 87 88 97 98 100 114 118 119 120 140 141 142 149 187 217 224 253
167 35 46 57 61 68 90 91 92 98 100 101 118 120 126 130 133 137 141 142 149 152 237 288
168 0 1 3 7 37 71 90 97 98 117 120 121 123 134 142 143 146 148 149 171 200 256 294
169 16 17 19 20 25 28 33 49 74 80 81 86 89 104 105 113 118 119 134 141 144 171 200 279
170 0 1 2 5 8 17 19 26 30 46 55 62 81 85 87 96 112 114 115 119 131 138 139 283
171 0 77 80 84 85 88 89 91 93 95 97 99 101 102 105 106 109 122 129 142 164 219 251
172 0 49 72 80 87 88 98 99 100 101 102 106 120 121 128 131 133 138 141 142 164 224 292
173 0 13 15 22 29 43 52 57 73 77 99 100 101 102 103 110 123 130 146 147 159 183 201
174 0 4 19 32 35 36 48 57 90 96 97 98 99 101 102 120 130 133 134 154 169
175 4 10 16 20 21 27 30 32 81 97 98 99 100 102 103 120 121 124 125 132 137 149 275
176 0 58 90 91 92 97 98 99 100 102 118 120 126 130 133 134 137 141 142 149 239 275
177 0 4 9 32 35 36 39 48 49 61 63 75 91 96 99 101 113 137 142 149 166 210 232
178 0 27 42 44 67 81 83 86 96 97 98 100 101 102 115 125 129 144 160 189 207 208 261
179 9 27 49 58 73 80 86 96 97 98 99 100 102 115 117 120 125 129 131 133 138 139 148 290
180 78 80 81 89 90 93 96 101 103 104 105 106 107 108 113 129 142 202 278 281
181 8 12 20 27 56 58 67 80 86 89 94 97 99 100 101 106 129 138 142 144 148 217 275
182 0 3 34 36 38 48 64 82 83 96 98 99 100 101 102 109 119 153 157 160 236
183 1 4 13 25 44 52 60 63 69 79 83 90 92 105 118 122 123 126 137 141 143 149 182
184 0 3 14 55 66 70 72 93 98 101 107 109 116 119 122 124 127 137 144 147 149 237 254
185 8 11 13 27 75 96 97 99 101 102 104 108 120 128 131 137 142 146 149 208 210 275
186 0 25 37 40 47 59 66 90 96 98 99 101 102 122 126 133 134 143 146 163 224 241 283
187 0 44 49 59 71 86 90 96 97 99 100 101 104 105 106 110 118 126 134 136 146 261 295
188 0 20 27 58 74 77 78 80 90 97 98 99 102 115 117 125 126 129 131 138 139 146 292
189 9 25 34 36 37 49 59 74 86 88 90 96 99 101 121 122 123 126 132 137 139 143 202
190 78 79 81 84 85 86 88 95 96 97 100 101 102 103 105 108 123 129 139 142 144 147 189 287
191 0 8 16 26 47 63 84 96 97 98 99 100 101 102 104 105 116 147 157 165 236 263 299
192 20 24 30 32 35 36 46 49 50 58 70 75 76 92 101 102 110 119 126 142 162 174
193 3 7 13 15 55 58 59 90 96 110 115 119 123 125 126 129 134 139 140 143 144 146 171 262
194 0 1 20 77 80 82 84 86 88 99 100 101 104 105 110 120 121 123 129 131 139 144 147
195 0 42 77 79 80 84 85 86 87 88 94 95 96 97 98 99 100 101 103 107 108 127 150 283
196 3 5 15 21 35 39 40 51 56 58 64 80 82 85 87 90 91 103 113 125 135 138 145 149
197 3 19 21 66 70 77 80 95 96 97 101 108 110 111 113 117 124 131 137 138 166 171
198 0 1 8 58 62 74 77 86 97 98 99 100 103 104 106 107 109 123 129 139 144 271 274
199 2 5 8 23 24 25 30 33 45 62 80 87 91 95 97 104 120 131 141 146 148
200 9 32 35 40 49 61 68 83 90 91 94 97 98 99 100 101 102 120 122 132 143 146 276
201 2 6 7 10 14 21 25 30 31 35 36 73 77 80 85 88 91 96 99 121 134 135 140
202 8 20 21 25 26 75 76 79 84 88 96 97 99 102 120 124 127 134 137 146 182 291
203 65 81 82 83 84 90 91 98 99 100 102 114 129 137 138 142 143 145 147 148 149 196
204 1 9 10 24 26 30 47 48 50 59 66 70 84 88 90 100 101 110 118 130 133 142 147
205 0 3 4 5 11 29 104 118 121 130 170 181 198 211 230 231 240 250 252 258 262 290
206 10 32 43 45 58 62 68 79 86 96 97 99 100 102 114 115 123 131 138 144
207 6 16 20 24 33 42 44 45 57 61 68 72 97 105 117 127 135 137 141 143 146 147 243
208 1 5 9 10 37 38 57 60 61 74 97 99 100 101 114 118 120 126 129 134 142 149
209 11 26 28 29 30 82 83 85 86 88 96 98 99 101 102 103 104 105 107 110 128 141
210 8 62 71 81 82 84 89 94 95 99 100 101 104 106 108 111 113 114 116 121 129
211 0 3 18 25 27 71 78 86 97 98 99 100 101 102 115 125 129 137 139 144 178 187 210 251
212 0 4 16 18 24 33 34 71 83 88 94 95 99 102 103 107 118 123 133 136 138 141 149 162
213 1 2 8 11 15 27 37 71 74 77 79 92 99 103 123 140 148 157 178 237 248 254 271
214 5 7 12 29 42 45 56 65 72 77 78 84 97 99 100 103 108 109 115 122 132 133 147
215 31 35 67 74 76 79 80 84 95 96 100 106 110 112 122 124 129 131 133 137 141 142 146 148
216 1 3 4 5 6 7 8 27 42 44 76 79 96 101 120 121 125 128 130 136 137 140 144
217 3 6 24 25 34 39 41 42 48 51 59 82 92 102 106 108 112 114 125 129 136 138 171
218 14 72 77 78 79 81 82 84 86 89 94 95 96 98 106 109 114 116 138 142 148 247 292
219 4 9 10 14 25 35 71 75 79 82 83 86 93 96 97 100 104 105 113 118 132 134 142
220 16 21 49 66 68 71 87 89 92 97 100 105 108 122 136 142 147 184 219 224 246 267
221 4 5 38 52 59 68 83 88 91 93 105 110 112 120 121 122 136 165 199 236 256 284
222 0 74 77 79 83 84 86 88 94 97 98 100 101 102 103 105 108 111 125 130 136 141 147 253
223 27 39 41 71 74 75 77 80 86 90 106 107 109 111 115 125 126 139 143 220 228 233 272
224 0 21 27 60 61 66 70 71 88 94 97 98 100 101 102 122 124 125 132 136 137 139 142 144
225 0 41 54 65 86 87 90 96 97 107 137 141 142 147 162 177 184 213 236 238 245 247 262
226 53 60 71 82 93 103 104 105 107 109 145 154 172 181 188 208 214 246 257 267 298
227 0 79 81 82 84 85 86 87 88 96 97 104 106 107 111 114 125 129 143 145 176
228 0 8 27 71 77 78 80 86 88 97 100 103 107 110 117 129 131 133 138 139 144 148 253
229 0 7 49 61 71 87 88 96 97 98 99 100 106 120 121 136 142 143 149 156 203 206
230 0 9 49 71 78 79 80 84 96 98 99 100 101 104 107 111 113 120 136 138 206 268 286
231 22 28 36 92 93 94 95 97 98 101 115 119 129 130 131 138 139 141 149 181 273 275
232 4 8 18 27 49 74 76 81 83 87 88 89 90 95 96 98 100 108 109 115 141
233 4 24 25 42 46 53 59 68 79 85 90 106 118 133 139 181 186 206 214 226 286 289 294
234 21 77 85 86 92 99 102 105 107 108 110 113 118 119 120 125 126 129 134 139 145 146 259 265
235 5 51 71 80 87 88 91 96 97 102 106 107 112 114 117 121 133 141 147 148 279 288
236 0 69 78 80 94 95 97 98 99 100 111 113 189 215 247 248 249 250 251 253
237 0 8 21 25 26 31 66 84 96 98 99 100 101 102 104 105 116 122 132 143 145 147 192 276
238 15 17 30 38 56 58 59 71 102 112 124 156 158 159 160 165 181 188 218 235 254 258 264 266
239 23 29 36 79 85 89 90 110 113 116 117 118 121 122 124 131 133 134 136 142 145 149 272
240 0 1 26 30 38 47 50 55 59 70 76 84 88 96 97 99 101 102 110 119 126 139
241 0 11 21 25 31 43 52 55 61 68 73 77 97 99 101 103 105 122 123 124 137 208
242 0 6 12 17 20 24 29 34 49 54 76 80 89 92 98 102 105 112 116 127 133 135 138 148
243 0 7 37 78 90 96 97 98 102 120 121 126 131 133 134 136 138 143 146 156 168 171 223 248
244 0 49 90 91 96 99 101 102 120 126 130 134 137 141 142 149 162 184 215 249 266
245 0 83 85 87 88 94 96 97 98 99 101 103 104 105 108 109 110 111 115 146 185 288
246 4 9 24 26 30 47 49 50 52 59 70 76 78 92 102 110 117 119 133 134 139 148
247 0 1 21 29 49 66 74 77 88 92 97 98 99 100 108 110 121 122 124 136 137 263 283
248 2 4 13 20 25 28 61 69 77 79 81 94 102 103 109 125 129 130 132 146 149 165
249 0 1 11 13 27 34 35 43 58 73 74 77 98 99 100 103 110 128 129 139 144 214 232
250 79 80 87 95 96 101 102 107 111 118 119 122 124 125 131 132 136 139 144 148 149 180
251 11 12 31 40 43 49 52 54 58 59 61 78 92 110 121 123 135 138 148 209 245
252 0 78 79 81 87 88 91 94 95 97 100 108 110 113 114 120 126 135 136 138 147 158 215
253 14 21 25 46 50 53 72 84 96 98 100 101 102 105 116 132 137 147 152 184 191 231 238 290
254 6 12 24 34 38 51 54 80 86 96 97 98 99 100 101 102 103 131 133 138 244 252 272
255 16 22 24 26 27 30 33 34 36 51 79 98 108 112 120 121 123 135 139 140 144
256 0 17 27 36 42 49 56 58 67 71 86 96 97 98 101 102 120 125 129 136 139 144 174 244
257 0 7 8 12 19 25 27 42 43 44 45 59 68 82 86 87 93 103 108 117 118 138 143
258 2 6 8 13 24 29 47 62 64 78 124 175 188 192 201 215 230 235 266 269
259 4 9 10 39 57 61 90 92 96 97 98 100 120 130 133 141 142 234 242 245 298
260 0 3 4 9 10 27 32 38 46 57 62 71 74 75 92 117 118 119 120 121 126 134 148
261 0 4 9 32 40 48 49 57 71 90 92 96 99 101 119 120 130 134 137 142 143 149 290
262 77 78 79 87 90 91 98 99 102 104 105 115 117 118 119 131 133 137 138 142 144 147
263 43 47 55 67 68 81 92 135 136 140 141 146 156 171 195 196 229 232 250 277 279 285 291
264 0 21 38 40 56 61 71 72 81 97 98 100 103 115 116 119 120 123 125 136 139 140 144
265 4 19 36 48 49 63 75 78 80 90 91 92 96 99 100 101 103 107 109 120 133 143 239
266 0 23 27 49 58 78 86 88 96 98 99 100 101 112 115 117 120 121 125 138 144 158 294
267 0 1 74 96 97 99 100 102 103 110 115 123 125 129 139 144 163 194 241 266 271
268 2 12 15 29 45 46 49 50 71 78 85 103 104 105 115 118 120 123 138 139 142 145 260
269 0 13 25 55 58 63 70 71 73 74 85 87 95 102 103 107 123 130 132 136 138 142 144 189
270 0 77 78 83 86 87 89 95 96 99 101 103 104 106 110 129 136 137 141 149 254 292 297
271 19 23 27 44 56 58 64 67 71 80 85 86 93 97 100 101 102 125 129 144 145 237
272 14 65 82 90 104 105 113 117 122 130 133 135 146 206 212 214 219 229 243 247 257 258 264 296
273 4 19 32 35 36 46 49 58 61 68 75 99 102 119 120 125 133 134 137 143 287 290 291
274 0 6 34 36 42 51 64 69 80 81 83 97 98 99 100 102 119 121 131 133 138 140 173
275 0 1 5 16 24 29 30 31 76 88 92 103 114 115 118 122 129 134 136 138 144 146 279
276 0 1 77 78 80 87 91 94 100 103 104 108 109 110 111 113 123 127 134 149 156 171
277 2 6 7 22 24 52 62 80 93 166 172 186 188 196 205 208 235 248 255 265 266 293 296
278 4 9 19 32 35 40 63 82 92 94 95 100 110 111 112 113 115 129 133 136 140 142 147
279 9 10 19 32 36 39 40 58 61 63 68 90 97 98 99 100 120 126 133 134 149 234
280 4 10 14 36 44 46 48 63 75 79 97 98 99 101 102 105 107 109 132 137 143 145 191 280
281 0 22 32 77 79 80 82 93 95 96 97 111 118 122 124 126 130 131 138 144 146 147 148
282 4 9 10 36 39 57 63 75 90 91 97 98 99 100 101 112 118 120 130 137 141 142 163
283 1 10 14 24 30 32 35 38 39 46 48 57 58 88 90 99 126 133 134 139 147 149 176
284 10 20 37 48 58 69 72 116 118 123 130 140 144 150 162 180 185 191 226 236 247 278 282
285 7 25 77 81 82 88 95 102 103 110 121 122 124 126 132 134 136 137 143 146 235
286 0 4 15 81 94 96 97 98 99 101 102 108 143 144 145 147 148 167 183 199 200 225 244 258
287 0 27 49 58 67 71 78 86 91 92 97 100 101 103 107 112 120 138 139 145 253
288 0 10 32 35 36 40 61 74 75 91 97 99 100 102 118 120 126 133 134 137 141 142 232 279
289 21 27 36 38 44 48 50 58 64 67 80 96 98 115 119 124 125 137 139 144 282 294
