0 12 17 74 78 92 104 127 128 133 145 198 199 226 265 282 283
1 1 29 44 104 107 122 128 147 164 186 189 190 196 219 264 275
2 25 43 68 70 121 134 152 173 180 188 210 214 218 220 243 270
3 3 65 75 81 90 92 149 173 181 185 208 224 230 280 289 293
4 11 13 33 42 57 70 89 98 126 135 150 173 192 200 209 284
5 10 11 57 74 77 82 90 111 122 144 179 180 218 249 271 280
6 52 55 108 114 140 147 148 174 175 179 183 243 247 249 263 274
7 2 15 40 46 66 76 100 122 132 155 168 203 208 214 218 280
8 18 27 31 53 61 95 105 147 163 176 208 240 251 254 258 290
9 45 46 110 134 143 147 157 179 181 183 192 203 245 252 276 296
10 11 20 116 119 137 141 149 164 179 193 222 238 246 247 258 285
11 20 26 51 62 64 85 98 103 150 154 167 171 203 221 271 294
12 3 14 24 67 109 111 120 129 142 185 197 211 218 275 285 286
13 36 54 58 82 114 125 134 139 143 155 169 171 195 232 251 271
14 79 89 90 95 140 149 164 169 185 203 231 268 276 279 280 286
15 62 93 99 159 160 175 180 185 203 210 248 249 282 292 296 299
16 1 11 14 17 43 72 85 100 114 132 151 222 235 251 259 269
17 15 23 49 67 81 157 159 167 171 204 205 209 251 254 266 290
18 22 35 43 63 80 88 92 102 104 175 180 198 234 244 251 294
19 64 69 70 90 110 111 141 166 184 203 221 236 260 274 287 291
20 37 38 70 79 147 152 182 183 187 188 196 208 209 214 272 277
21 41 43 76 93 102 111 127 137 149 179 185 200 213 231 273 298
22 25 48 73 88 100 112 123 135 141 164 165 167 169 220 266 269
23 4 9 35 77 98 102 113 125 130 134 138 192 247 263 277 287
24 9 15 69 96 116 122 133 150 170 203 204 221 254 261 294 296
25 7 31 77 86 105 120 134 149 151 157 170 224 237 257 271 273
26 58 97 123 130 133 154 161 181 187 213 220 246 267 276 277 297
27 9 27 35 40 47 103 107 108 119 144 147 163 171 181 244 263
28 42 58 60 68 85 88 97 108 124 172 197 217 218 251 270 291
29 3 4 6 28 112 113 133 135 152 182 192 213 225 241 273 283
30 19 23 58 116 122 133 155 157 184 185 190 200 204 209 211 219
31 22 23 29 33 60 65 66 108 124 132 133 181 191 208 256 277
32 33 55 64 95 125 131 137 143 165 169 191 214 237 244 268 284
33 6 51 57 60 61 63 64 75 135 178 193 217 265 276 277 295
34 31 49 51 68 79 123 162 165 187 198 216 226 257 292 296 298
35 24 45 61 78 79 89 128 138 159 165 182 198 227 262 274 275
36 14 24 60 96 149 170 186 189 190 191 201 213 222 223 266 269
37 24 36 54 69 78 86 110 111 132 171 181 194 199 240 273 289
38 9 33 50 126 128 139 159 183 196 209 225 230 232 244 278 285
39 21 74 94 95 96 122 125 153 156 222 223 231 240 266 274 283
40 24 55 62 63 88 93 143 160 163 164 167 224 227 268 271 272
41 43 45 59 70 80 111 121 140 173 181 189 203 219 253 269 282
42 14 28 38 81 85 87 91 151 207 213 225 251 264 280 285 291
43 22 26 30 38 41 54 55 68 83 114 203 222 247 272 295 296
44 17 18 63 78 80 97 107 146 152 164 196 218 258 260 271 294
45 10 17 30 63 80 116 140 141 174 189 201 212 223 226 254 295
46 1 19 23 45 59 102 105 130 166 169 189 206 223 247 268 273
47 17 33 53 66 72 82 97 143 167 171 184 193 226 236 252 285
48 10 14 19 34 75 111 113 114 121 136 150 156 157 159 168 298
49 22 52 70 101 131 169 173 177 183 214 233 238 250 255 261 266
50 7 18 47 61 62 89 98 108 146 155 160 188 208 252 261 269
51 9 13 38 42 48 60 84 96 141 154 173 192 216 223 228 237
52 12 34 44 66 80 103 113 133 147 158 194 219 240 250 261 295
53 69 82 96 102 120 128 140 141 175 176 208 257 267 275 282 295
54 7 14 15 21 38 41 78 92 187 216 217 224 244 245 287 288
55 43 49 59 63 66 74 90 138 187 198 230 243 269 279 281 289
56 10 28 31 42 58 91 105 139 179 209 213 257 266 272 278 285
57 8 47 49 90 98 119 123 125 127 143 162 178 185 187 209 213
58 14 21 24 47 72 92 114 115 130 161 226 229 244 261 274 276
59 7 14 24 43 57 117 120 123 128 136 148 178 197 208 239 284
60 56 63 66 81 105 127 129 171 177 194 200 205 220 226 240 292
61 18 33 48 74 81 137 151 152 163 179 201 208 228 263 268 271
62 4 37 46 48 83 132 140 142 146 148 159 191 207 215 236 244
63 24 95 103 106 108 131 132 133 163 176 190 214 216 228 234 241
64 4 28 71 81 121 135 146 149 190 191 220 240 244 260 271 281
65 45 55 69 79 102 115 176 189 195 200 208 221 268 271 278 287
66 4 18 35 49 53 69 98 102 143 157 177 191 192 210 238 240
67 54 56 105 123 129 137 144 152 164 180 194 200 216 221 231 247
68 3 7 15 38 43 47 64 100 117 143 172 196 251 272 281 287
69 9 28 29 45 53 115 148 151 189 191 210 221 244 254 259 281
70 8 31 56 75 87 91 98 99 102 109 141 142 156 166 225 238
71 5 41 89 104 115 120 135 142 179 181 194 220 245 259 286 289
72 15 35 45 65 74 79 84 125 126 174 198 212 224 267 272 297
73 23 25 28 82 84 85 90 107 110 117 141 143 163 195 199 283
74 18 32 79 81 83 110 112 123 129 143 161 231 243 244 287 290
75 34 45 67 75 78 84 96 110 126 160 173 176 217 231 239 260
76 8 18 31 42 86 116 127 134 138 166 215 224 231 242 267 279
77 4 19 42 55 65 69 78 107 125 136 168 213 225 236 262 299
78 24 57 82 84 122 142 156 198 215 225 234 236 249 251 266 291
79 13 15 25 31 35 70 71 75 83 118 122 162 284 286 293 297
80 7 11 30 108 129 134 147 166 185 197 200 213 250 259 285 288
81 4 6 35 56 87 101 122 123 144 155 166 240 246 256 263 278
82 4 21 30 49 50 55 95 98 102 110 118 188 209 224 271 289
83 7 50 55 59 73 110 113 115 130 155 159 184 218 226 265 295
84 25 30 64 97 104 127 128 142 164 181 188 193 219 220 228 291
85 10 25 30 39 79 86 114 117 124 138 152 170 174 213 255 275
86 19 33 74 75 79 97 111 112 122 144 155 175 207 210 236 258
87 82 86 87 98 121 165 170 173 182 193 202 218 234 241 276 292
88 53 59 70 71 81 110 133 206 229 245 252 260 269 275 276 298
89 3 12 21 57 79 113 115 127 146 159 221 244 252 256 276 299
90 19 76 84 103 104 109 116 153 165 188 209 224 227 230 295 299
91 31 32 39 78 100 124 152 176 191 247 253 271 275 278 296 299
92 37 50 99 124 128 131 159 165 200 205 221 239 246 250 278 284
93 33 72 83 90 100 108 150 152 196 202 205 258 268 276 285 299
94 0 12 90 92 104 109 117 162 200 205 215 224 225 239 268 292
95 24 38 64 65 67 90 118 183 184 210 225 230 241 251 269 289
96 4 6 11 20 25 32 95 104 145 163 172 177 184 189 266 295
97 4 6 41 95 137 173 176 181 197 222 225 236 242 244 279 285
98 7 27 54 63 83 86 92 106 122 140 154 174 177 201 218 298
99 4 12 24 61 65 71 97 100 107 130 155 158 232 258 260 282
100 9 22 26 78 79 147 162 169 206 214 229 242 261 273 288 294
101 2 24 38 53 63 73 94 108 140 165 196 203 249 250 253 287
102 42 63 81 111 135 139 151 187 200 203 211 226 242 246 255 285
103 4 67 88 100 106 108 109 110 173 188 210 222 226 234 246 253
104 6 10 46 85 109 112 122 148 152 161 173 208 220 226 243 267
105 4 31 79 98 103 107 111 113 126 139 147 177 183 196 236 261
106 76 77 78 79 81 91 97 114 127 139 153 162 184 194 201 214
107 51 58 60 132 143 145 182 197 205 206 236 238 249 251 256 270
108 8 17 54 60 61 74 82 139 160 182 220 262 269 278 284 291
109 5 36 70 81 87 90 148 167 182 206 223 234 238 288 291 299
110 0 5 98 102 143 145 167 189 197 206 244 248 271 277 281 287
111 39 51 85 176 188 196 208 218 228 240 248 253 270 281 292 295
112 21 63 96 105 151 158 163 169 191 207 217 226 263 269 285 298
113 23 47 53 105 111 115 128 132 143 150 165 179 182 193 210 272
114 41 47 74 97 104 116 147 157 187 193 233 251 273 287 289 298
115 1 12 14 20 23 60 90 107 146 154 156 173 180 200 223 264
116 26 54 81 84 91 107 113 137 161 179 215 220 264 285 288 293
117 16 22 48 75 81 105 112 113 159 162 167 178 189 242 247 281
118 15 47 81 84 140 141 148 161 170 171 184 201 207 214 221 269
119 44 45 68 80 96 110 119 134 152 170 185 195 236 249 268 299
120 12 64 76 82 87 97 126 196 212 214 227 237 249 262 269 282
121 9 10 11 48 57 116 127 166 178 179 190 208 218 240 260 280
122 2 17 40 49 67 74 96 137 155 162 201 238 260 265 270 292
123 12 29 46 47 56 92 117 131 149 193 203 207 240 243 286 298
124 14 18 24 30 48 63 91 94 97 100 122 203 206 218 238 247
125 5 19 92 96 97 106 114 117 166 171 176 196 200 206 221 224
126 60 63 67 78 95 108 181 202 209 224 225 262 266 272 279 286
127 5 74 78 120 136 144 150 151 185 206 209 210 221 225 257 299
128 6 31 52 92 96 100 117 175 198 217 238 254 261 275 290 293
129 3 6 36 41 69 80 122 134 137 157 160 200 230 272 280 284
130 6 34 63 79 83 91 92 108 109 130 157 179 208 258 264 269
131 10 36 57 67 109 114 120 125 147 154 160 185 192 210 248 285
132 8 17 28 39 136 166 183 192 198 217 220 225 244 284 288 290
133 1 4 21 22 39 92 93 104 122 180 207 228 238 239 243 266
134 20 66 76 84 114 119 147 156 157 169 178 182 219 238 269 284
135 45 54 71 77 106 113 121 133 134 141 151 153 158 185 224 225
136 27 65 74 80 83 120 137 146 178 197 230 249 252 274 287 297
137 53 58 70 105 114 129 132 202 204 206 208 219 238 246 250 288
138 41 43 58 77 82 95 100 102 176 185 188 190 209 230 236 290
139 38 53 73 90 91 99 106 110 124 142 180 205 210 223 241 275
140 16 25 47 49 76 113 153 170 176 188 194 197 266 274 279 299
141 13 23 65 82 93 97 104 180 189 208 224 246 254 264 266 296
142 2 3 8 13 25 49 102 103 171 202 205 221 228 254 267 274
143 29 36 39 60 62 63 114 120 138 141 149 175 176 227 253 283
144 41 64 93 102 127 147 152 165 168 189 210 232 247 265 268 274
145 0 17 44 57 95 98 134 145 147 189 190 194 201 246 251 272
146 11 43 73 84 85 103 128 134 147 155 174 212 214 215 243 249
147 0 37 39 50 59 73 108 130 145 157 165 173 183 199 221 259
148 14 21 29 37 52 99 113 114 141 161 199 207 208 234 235 266
149 2 35 61 66 126 136 139 140 157 166 192 217 227 234 266 282
150 7 30 31 62 105 140 207 231 244 246 252 267 272 279 284 298
151 38 48 56 69 125 127 164 168 175 186 226 233 254 265 274 287
152 7 21 66 72 96 97 98 99 112 161 180 241 245 266 271 275
153 9 29 52 80 81 114 122 127 139 152 207 213 216 239 244 278
154 4 18 36 49 82 106 115 124 155 164 182 248 269 280 282 291
155 1 29 55 75 113 114 127 159 177 181 200 206 246 269 276 280
156 10 23 74 112 114 127 152 159 166 175 188 190 220 224 267 280
157 24 26 31 59 60 85 121 124 142 152 209 217 228 264 270 293
158 0 20 26 78 93 102 107 135 151 170 193 199 204 239 248 284
159 5 11 34 38 42 60 82 110 152 162 168 174 186 197 270 284
160 0 8 16 23 26 39 58 104 111 140 167 190 201 204 233 275
161 9 26 27 50 65 83 123 124 136 168 187 192 194 214 238 259
162 46 69 71 112 120 136 166 203 215 227 253 259 268 269 275 295
163 6 69 77 79 104 114 122 203 209 221 251 255 261 264 289 295
164 11 12 21 34 48 55 59 101 143 149 184 190 198 245 248 262
165 8 25 35 105 132 163 177 193 197 199 221 249 256 273 275 298
166 19 29 39 69 73 81 89 106 109 166 194 202 221 245 262 289
167 40 44 85 116 151 156 176 190 206 215 223 228 248 252 293 295
168 84 85 141 169 175 177 207 222 231 236 237 239 251 253 273 291
169 14 67 72 73 83 87 184 192 201 213 223 229 238 257 272 291
170 11 48 74 90 137 142 158 160 164 170 174 199 234 251 272 290
171 11 21 53 69 81 108 123 154 180 188 191 200 231 259 292 295
172 4 5 8 9 13 17 33 59 77 97 117 134 186 222 233 248
173 23 59 72 74 125 129 148 154 155 173 185 194 199 214 252 282
174 9 39 70 86 92 117 118 127 141 146 176 189 224 239 289 291
175 8 18 31 53 76 80 126 136 147 158 194 198 220 229 236 271
176 53 74 116 119 135 136 143 147 169 177 178 181 188 199 235 265
177 2 10 14 16 22 37 65 105 126 170 186 201 229 237 250 288
178 11 20 21 24 77 127 147 180 200 201 229 236 244 273 287 296
179 33 36 41 50 52 108 182 186 221 223 232 236 243 247 285 295
180 63 65 72 91 110 112 114 153 155 167 176 220 238 241 272 298
181 2 10 23 65 75 112 125 127 130 156 223 238 245 263 281 283
182 27 46 89 94 97 111 121 130 186 220 237 257 259 287 293 295
183 19 22 24 27 42 58 66 104 146 158 186 236 273 286 288 295
184 11 38 99 110 134 141 143 151 184 202 225 234 245 251 270 275
185 22 36 37 41 43 44 182 191 198 220 241 247 254 267 268 278
186 1 9 14 44 51 54 55 61 95 136 176 209 217 259 270 298
187 15 23 24 36 42 60 67 102 138 169 175 185 205 260 292 298
188 3 9 46 110 113 121 128 140 163 178 203 228 239 255 279 299
189 46 55 65 68 80 87 112 124 127 134 175 177 281 291 294 298
190 11 21 34 55 111 116 146 148 149 167 177 227 264 266 272 294
191 53 58 110 126 136 153 155 156 162 179 198 209 211 252 283 288
192 10 19 41 54 59 73 80 129 134 185 193 234 243 245 284 286
193 31 50 65 67 79 113 132 150 170 174 205 216 236 240 261 294
194 42 59 63 87 92 98 106 148 150 155 174 185 194 251 276 282
195 6 11 12 27 28 34 45 46 90 118 119 158 190 219 254 257
196 13 17 25 98 153 179 188 189 215 235 239 244 254 275 282 298
197 10 41 65 67 102 106 147 150 173 174 189 203 205 218 228 250
198 12 22 26 53 56 87 125 127 130 168 204 228 230 242 246 280
199 11 38 55 67 79 81 113 117 126 137 163 217 252 262 264 289
200 21 33 48 50 60 64 93 103 104 106 115 180 191 214 231 289
201 19 63 70 71 94 108 136 158 175 185 206 245 247 267 272 294
202 4 6 51 86 98 108 132 135 184 209 210 233 252 261 262 295
203 13 48 51 52 67 86 130 135 146 161 188 250 255 267 270 283
204 0 25 29 72 96 141 157 174 183 217 228 256 262 270 288 298
205 20 38 42 105 115 119 163 168 186 187 214 215 234 267 278 297
206 21 35 61 73 77 92 106 129 151 208 215 262 269 274 287 288
207 3 25 32 48 98 120 144 151 167 175 177 183 202 207 213 250
208 30 54 75 117 133 161 194 204 216 233 235 237 244 249 285 288
209 20 23 25 34 64 100 109 137 149 175 182 192 200 212 247 298
210 23 25 29 48 49 52 65 70 83 102 109 120 139 145 168 190
211 14 32 63 73 90 106 107 119 163 172 189 222 269 275 278 295
212 9 39 40 54 98 116 122 137 158 170 211 216 225 247 263 275
213 28 56 116 145 162 171 174 211 216 244 247 252 255 262 266 285
214 17 49 76 96 113 114 134 163 166 184 185 186 207 235 271 282
215 0 20 22 32 64 83 184 200 206 244 247 254 262 266 282 285
216 9 26 29 31 47 57 58 113 122 149 197 199 254 261 275 296
217 1 32 58 62 73 88 98 99 101 113 115 203 211 265 266 269
218 28 58 85 102 110 117 120 165 190 192 203 227 264 268 286 299
219 20 73 89 92 99 107 110 129 161 162 195 218 219 231 264 269
220 20 26 78 93 95 112 124 149 151 160 161 239 255 257 265 290
221 36 46 57 58 65 71 80 124 125 140 205 216 248 251 297 299
222 2 9 42 82 90 117 120 126 176 182 197 217 227 259 261 277
223 21 25 31 52 57 73 103 110 121 131 149 157 237 256 261 280
224 6 13 37 41 44 47 54 86 105 165 167 183 208 237 265 279
225 20 45 63 68 70 85 91 92 99 111 159 199 211 272 273 297
226 0 1 24 46 54 64 80 99 132 161 192 261 273 278 279 288
227 20 34 71 115 126 142 151 153 158 159 169 185 188 248 257 297
228 22 50 53 115 125 150 197 201 221 227 228 230 260 266 272 297
229 35 90 95 101 112 114 132 163 167 175 187 205 248 259 282 285
230 1 32 39 41 66 88 118 156 162 188 198 212 233 242 253 278
231 55 64 66 88 113 118 124 128 140 172 204 215 217 236 255 291
232 30 78 80 102 110 127 151 152 172 198 203 213 216 223 247 286
233 15 32 70 72 93 120 131 166 169 212 232 251 252 264 266 288
234 11 14 42 46 56 84 123 138 142 151 179 184 190 192 237 287
235 29 59 69 85 116 127 137 143 144 150 152 179 211 244 266 289
236 15 24 46 58 83 87 96 101 122 147 182 197 201 246 257 297
237 1 3 14 69 137 149 152 190 201 218 231 240 243 247 260 262
238 11 23 27 35 54 89 119 126 154 190 204 227 228 238 255 282
239 18 57 74 96 120 128 130 169 170 175 197 233 235 240 288 299
240 40 49 71 77 85 104 116 127 141 142 144 172 176 182 276 293
241 13 22 40 41 44 65 89 96 151 158 159 165 183 239 246 269
242 52 124 125 130 162 164 178 179 241 251 270 272 282 283 292 294
243 10 28 39 83 119 129 181 183 184 219 234 235 236 244 245 256
244 25 31 58 61 63 82 92 95 133 154 156 161 233 234 237 244
245 4 18 81 89 95 131 134 163 173 178 197 214 239 257 279 282
246 14 19 23 32 40 63 68 115 120 178 201 213 233 251 256 265
247 6 17 67 76 96 103 139 142 184 205 216 217 231 261 280 299
248 8 37 52 62 93 101 108 148 157 171 173 177 179 200 238 299
249 5 55 62 68 86 94 113 114 136 186 209 222 246 266 284 295
250 16 37 43 51 71 121 142 154 210 230 232 241 247 283 287 297
251 13 51 63 76 77 81 90 111 114 116 144 146 164 178 196 230
252 4 31 39 48 123 145 166 169 184 189 196 211 228 256 285 295
253 0 4 24 38 48 52 106 117 145 151 155 176 220 267 272 298
254 14 17 27 148 169 175 201 229 245 259 263 270 283 286 294 298
255 46 58 66 70 72 78 86 91 114 115 125 129 142 250 281 287
256 2 12 19 22 38 46 78 117 121 131 133 187 213 230 239 247
257 14 69 80 129 131 135 137 147 186 191 207 210 235 239 265 271
258 5 12 46 74 122 128 151 189 196 232 247 270 283 287 291 294
259 0 35 38 41 49 81 91 101 107 128 137 198 219 223 251 265
260 1 8 15 18 37 42 61 84 178 202 211 231 239 271 281 293
261 2 27 42 75 98 112 126 127 147 148 182 185 187 227 241 243
262 21 52 54 57 59 94 97 114 130 134 151 159 160 210 223 292
263 27 28 60 83 104 120 183 193 216 235 236 248 258 265 282 292
264 1 20 79 86 109 118 124 151 163 177 200 204 232 241 283 292
265 0 1 8 14 23 26 30 77 169 171 202 207 211 254 257 288
266 8 29 41 43 63 74 110 133 143 148 152 164 183 210 234 246
267 25 39 47 69 79 101 122 133 146 160 169 224 228 257 272 292
268 3 17 35 48 76 102 110 114 130 173 196 209 237 250 258 273
269 10 29 54 56 65 76 94 97 109 143 210 244 247 261 270 276
270 32 43 49 82 114 115 133 144 165 174 197 224 225 239 261 285
271 0 1 2 14 34 36 110 120 130 131 178 232 271 279 280 282
272 0 4 18 35 53 57 70 129 138 147 191 240 263 282 287 295
273 9 15 26 47 51 56 71 77 149 185 191 197 205 221 245 277
274 9 71 74 103 124 129 150 156 178 181 210 245 253 255 281 295
275 10 26 42 46 52 61 66 73 121 208 210 226 264 267 269 280
276 7 43 55 90 99 118 128 158 168 174 177 208 261 264 284 288
277 25 46 61 66 68 70 82 127 128 162 164 191 222 242 268 269
278 21 30 37 41 49 75 81 93 124 156 164 169 193 226 236 274
279 12 20 23 35 73 105 118 121 143 183 186 246 260 266 276 286
280 2 17 34 37 41 53 66 121 201 225 239 243 257 278 286 297
281 1 6 9 39 44 72 84 88 108 133 190 197 205 280 291 298
282 6 24 33 62 68 126 127 134 146 158 167 172 213 222 227 243
283 16 25 36 70 78 96 108 113 135 159 189 243 245 265 291 294
284 17 34 44 68 87 111 114 117 139 175 181 222 228 245 258 297
285 5 15 17 52 69 71 76 96 127 128 135 156 168 200 272 280
286 29 56 68 100 107 126 132 175 188 189 208 236 243 247 264 276
287 22 33 45 76 102 104 113 114 144 151 193 219 267 275 277 296
288 3 12 13 37 52 57 78 149 162 179 214 233 239 240 249 271
289 1 13 25 29 47 78 95 101 104 143 149 236 237 263 273 295
