0 136 150 220 227 235 236 246 247 248 250 251 252 259 266 278 298
1 124 159 174 201 215 217 220 223 225 233 247 249 251 262 285 296
2 155 164 165 169 206 222 228 236 240 244 248 251 256 266 268 281
3 153 180 186 187 201 202 222 226 227 237 263 268 276 282 296
4 99 102 110 157 222 230 240 242 247 249 250 251 252 255 274 289
5 65 226 241 243 244 248 250 254 255 256 257 258 260 293 295 296
6 144 197 221 222 223 236 237 250 251 265 282 291 295 298
7 158 193 196 222 240 242 252 253 261 262 267 268 274 281 297 298
8 109 150 170 173 174 203 210 215 231 242 243 247 250 253 256 257
9 26 146 171 172 177 200 205 209 212 228 235 247 248 251 278 290
10 28 105 147 166 242 243 248 249 250 253 254 262 274 287 288
11 18 76 77 226 227 228 231 244 247 249 250 253 255 258 259 260
12 11 150 159 161 203 224 227 239 248 252 259 273 279 288 297 298
13 1 5 7 17 31 40 94 101 103 150 166 173 176 198 238 286
14 26 144 152 156 170 197 207 219 225 253 255 256 265 278 293 296
15 121 170 189 191 194 197 199 217 230 232 246 264 270 273 298
16 158 159 215 220 221 226 227 228 250 252 253 254 263 275 282 285
17 153 154 177 185 192 194 207 224 235 242 249 261 272 299
18 23 154 166 172 176 183 194 247 249 258 259 273 284 287 297
19 150 159 163 168 173 213 214 227 246 248 253 263 264 279 290 297
20 12 16 35 48 102 108 145 160 161 168 176 206 211 241 280
21 67 121 156 226 228 229 230 233 238 241 244 246 253 255 260 292
22 69 154 175 187 195 230 233 247 248 249 250 252 288 298
23 84 150 159 189 195 202 203 204 205 215 218 228 238 249 252 286
24 73 123 226 227 229 230 236 239 241 242 253 255 263 284 289 290
25 21 47 71 160 165 171 185 189 199 208 240 242 259 264 287
26 29 63 75 103 136 146 166 168 242 250 252 259 275 284
27 150 155 157 182 191 197 199 217 218 226 242 248 251 252 259 294
28 150 154 187 188 195 227 237 239 242 246 290 292 293 298
29 145 154 158 160 175 201 211 214 221 226 233 237 238 247 278 294
30 10 150 152 158 189 216 217 224 247 250 253 256 257 263 279 288
31 50 177 210 219 222 223 229 235 248 264 265 269 274 278 290 291
32 44 66 77 161 199 202 203 226 229 239 247 248 252 253 264 288
33 170 226 234 236 238 246 248 251 252 261 289 291 294 298
34 229 235 236 241 242 248 249 252 253 254 262 263 272 276 280 286
35 67 144 181 226 229 235 236 237 238 241 252 253 259 260
36 175 203 206 208 211 246 250 253 261 272 274 291 294 295
37 99 137 150 154 168 188 220 231 235 237 251 284 285 292 295 298
38 224 226 228 233 235 241 248 253 259 263 271 282 290 295
39 235 237 238 255 257 264 265 269 271 272 276 278 291 292
40 46 155 172 176 194 210 228 235 243 248 249 250 259 278 287
41 151 168 179 183 221 224 232 243 246 250 254 257 262 280 281 299
42 45 167 171 173 174 179 192 209 240 244 250 256 261 267 288 297
43 153 223 226 234 236 237 261 269 271 273 279 285 287 288 291 294
44 91 175 187 195 197 226 233 239 246 247 249 251 252 268 288
45 50 86 159 178 191 200 203 218 229 235 246 251 272 286 290 292
46 81 101 126 155 165 167 168 199 205 226 227 248 251 252 253 284
47 2 18 65 170 201 223 250 255 260 265 267 269 278 283 284
48 57 68 158 221 234 248 249 251 252 253 256 266 279 282 284 291
49 154 158 163 164 172 186 198 199 200 212 215 244 264 271 298
50 58 76 77 105 131 150 152 204 206 213 221 222 230 282 294 296
51 58 75 120 153 161 167 187 189 193 200 229 247 249 258 273 298
52 43 232 235 236 241 249 256 260 263 264 276 284 291 294 297
53 3 21 22 28 83 84 92 110 158 193 219 223 225 254 268 278
54 154 155 159 170 195 203 209 210 227 230 256 270 273 285 290 298
55 151 154 174 201 213 223 228 241 244 250 252 254 255 277 282
56 0 49 88 120 155 174 183 217 223 233 252 268 276 284 288 297
57 133 167 173 190 191 205 226 238 239 245 250 267 278 284 287 291
58 33 71 88 120 121 223 233 250 252 253 262 285 288 289 290
59 82 155 168 176 198 199 207 217 250 252 253 270 273 286 288 289
60 34 72 124 128 174 178 189 219 229 256 264 272 284 286 299
61 103 175 178 232 233 234 248 249 251 264 266 270 280 290 296
62 168 175 181 183 217 229 233 237 249 250 252 254 264 273 286 291
63 1 47 143 157 165 187 188 195 220 226 244 250 251 253 280 292
64 150 153 155 173 178 179 200 213 229 235 241 254 263 268 284 289
65 158 161 179 183 192 203 211 230 244 247 267 284 286 295
66 155 158 169 174 180 197 199 202 211 220 231 233 236 255 265 279
67 125 155 159 161 168 195 208 229 246 250 251 252 264 290 299
68 59 72 75 83 144 188 198 244 246 247 248 249 254 256 258 259
69 6 30 177 178 197 200 212 247 248 249 251 256 263 269 290 295
70 226 228 230 243 249 250 251 252 253 255 256 258 259 260 270
71 13 42 48 74 83 111 117 145 159 165 216 218 247 254 295
72 129 131 162 178 192 217 220 226 231 234 236 246 248 257 282 285
73 18 151 154 182 224 227 232 234 235 253 257 263 264 266 280 286
74 41 155 156 171 173 200 203 225 226 227 253 256 257 264 270 273
75 18 62 150 166 168 201 202 223 225 237 244 246 255 261 289 295
76 1 7 12 27 37 43 48 109 147 148 155 162 211 218 232 282
77 31 150 167 180 188 193 246 247 249 252 253 255 258 263 268 279
78 29 157 187 218 224 232 239 246 247 254 257 258 284 293
79 47 74 174 183 224 229 232 246 252 253 254 259 276 287 288 299
80 227 232 233 236 246 249 251 254 260 277 279 286 287 291 294 298
81 82 151 154 158 160 165 167 182 191 239 247 248 250 251 252 284
82 23 122 150 157 167 184 197 227 229 242 244 247 248 252 254 284
83 31 123 135 164 166 172 180 194 214 234 248 255 256 268 274 298
84 154 168 174 190 197 202 214 218 223 229 234 246 254 267 272 294
85 35 133 155 156 164 165 184 197 219 232 239 248 252 264 271 283
86 55 100 132 187 194 224 228 229 231 242 244 248 250 252 259 262
87 180 183 186 195 199 247 249 258 263 267 279 284 285 289 296
88 101 108 147 152 167 182 209 212 213 217 223 226 231 248 257 297
89 78 81 90 99 111 129 133 155 187 212 218 232 235 291 296
90 82 129 167 178 200 212 213 229 239 251 253 268 279 288
91 88 99 119 149 162 164 178 179 197 206 212 219 227 228 229 282
92 13 34 175 224 227 232 235 237 240 247 257 260 262 283 294 296
93 6 155 165 167 175 187 188 206 223 233 246 248 249 251 262 284
94 15 159 170 173 178 201 204 209 219 236 247 290 293 295 296
95 2 8 27 79 86 115 125 139 174 223 235 247 252 255 262 278
96 54 106 188 192 195 239 240 247 248 249 250 259 260 262 269
97 14 18 36 68 79 92 224 229 230 231 237 241 247 252 254 260
98 189 191 217 229 231 234 237 241 246 250 260 262 264 290 291 295
99 119 156 162 163 164 201 207 214 219 220 246 248 251 256 263 268
100 116 141 142 150 159 168 174 179 185 186 191 201 209 247 268 297
101 77 112 174 178 183 187 192 198 200 206 212 233 247 252 277 290
102 66 133 224 228 229 234 237 241 250 251 254 256 257 259 284
103 36 155 157 171 175 179 184 218 244 250 251 259 284 293 294
104 12 20 23 25 67 79 87 93 209 250 251 258 259 260 273 282
105 143 150 151 167 230 244 251 253 256 259 275 281 282 294 297 298
106 118 131 150 171 177 178 200 235 237 242 246 248 259 273 274 277
107 67 72 224 230 242 246 254 258 260 263 264 266 267 295 298
108 195 198 228 232 233 250 251 254 258 259 264 265 287 297
109 35 41 75 93 103 105 126 142 143 165 178 203 213 225 242 266
110 106 226 227 228 230 231 249 251 252 253 256 257 258 259 261 262
111 23 127 150 154 155 170 175 180 199 239 242 251 256 263 267 289
112 195 215 223 232 238 242 252 265 266 268 277 279 280 295
113 163 173 180 184 196 199 205 212 217 220 222 233 234 258 291 292
114 169 171 173 181 183 204 216 227 230 231 242 270 271 274 285
115 59 110 148 179 214 217 221 234 241 246 247 248 249 250 280 282
116 45 153 178 193 226 227 229 244 248 253 255 258 259 260 263 279
117 0 18 19 24 67 76 121 158 200 213 224 229 243 282 287
118 30 33 101 174 187 232 235 236 238 243 248 250 255 258 260 288
119 46 56 164 166 243 246 248 250 252 254 264 270 283 287 297
120 75 173 189 208 224 234 241 247 252 254 258 270 281 290 297
121 72 81 150 155 187 188 193 196 224 227 244 264 278 282 288 290
122 95 173 177 190 191 196 215 223 253 271 272 275 285 297 299
123 159 160 167 170 213 224 233 234 253 254 256 262 268 284 288 292
124 151 152 161 166 176 190 195 198 207 210 216 254 261 264 271 286
125 55 65 156 167 177 182 187 202 205 232 257 265 268 273 281 292
126 0 18 54 97 100 101 102 176 240 247 249 252 253 263 280
127 55 201 228 231 235 237 238 241 250 260 269 278 283 284 285 294
128 18 24 49 51 54 58 77 86 98 102 133 139 141 144 149 210
129 7 27 49 56 59 71 74 77 89 97 125 129 132 143 144 146
130 0 37 49 71 80 96 97 99 100 117 121 129 133 138 144 205
131 7 8 31 62 83 96 97 99 102 107 110 113 116 123 153
132 0 4 58 68 96 97 98 99 100 103 117 120 141 149 229 286
133 49 71 77 80 85 87 96 97 100 101 102 113 145 148 186 222
134 0 29 33 71 90 97 98 100 102 120 136 137 142 226
135 0 36 79 83 84 85 89 96 97 105 108 112 114 142 192 282
136 79 89 93 97 98 99 102 112 114 129 133 144 145 159 188 206
137 0 19 32 33 37 66 68 71 78 80 100 121 131 141 142 149
138 32 38 39 48 61 75 84 85 90 94 104 107 112 127 130 137
139 1 13 15 43 52 55 74 77 82 98 103 166 238 255
140 0 19 21 54 66 71 80 88 97 99 100 101 121 131 132
141 15 16 30 43 53 57 63 67 75 86 89 106 124 131 147
142 7 34 43 67 80 83 96 116 126 133 138 146 174 224 261 280
143 0 12 59 68 78 79 80 87 90 98 100 101 102 122 137 285
144 0 58 61 77 80 84 89 91 98 108 109 119 133 135 142 145
145 9 21 38 61 74 93 99 100 102 110 119 151 172 212 275
146 10 19 20 22 32 33 46 47 61 89 90 99 102 112 224 275
147 4 19 32 35 46 48 58 63 75 90 99 118 126 134 141
148 0 20 42 44 58 76 80 89 96 100 108 115 129 135 175
149 0 4 9 19 48 49 91 97 99 101 102 142 149 220 231 252
150 24 76 79 89 90 99 102 104 111 119 121 128 133 136 147 189
151 0 60 79 80 82 83 84 94 99 103 107 112 114 135 149 198
152 16 22 26 58 69 80 100 102 110 114 121 127 140 146
153 16 17 47 54 72 91 105 128 203 210 222 228 235 269 279 284
154 25 42 90 97 114 134 143 154 158 193 210 221 224 267
155 0 78 87 88 96 102 103 108 109 112 136 137 141 145 149 233
156 0 9 25 36 38 48 64 92 96 97 98 100 101 102 109 208
157 6 12 95 108 120 122 169 176 196 197 200 249 258 266 273 281
158 27 38 86 97 99 103 105 108 110 115 125 129 162 260 299
159 23 32 58 68 71 98 99 101 133 136 141 142 149 176 217 283
160 2 4 31 34 77 86 91 101 114 116 119 122 137 138
161 7 30 40 59 86 90 97 98 102 126 134 144 146 182 205
162 0 19 25 28 42 56 70 86 98 99 100 102 121 125 137 182
163 25 35 44 90 93 96 107 119 123 131 157 236 286 293 294 298
164 4 69 80 99 103 108 112 144 206 215 234 281 292 293
165 7 9 36 70 90 131 134 138 140 146 175 187 220 239 246 263
166 0 22 32 87 88 97 98 100 114 119 140 141 142 224 253
167 35 57 61 68 90 92 100 101 120 130 137 141 142 152 237 288
168 0 1 3 37 71 90 98 117 120 123 134 143 146 149 200 256
169 16 25 28 49 80 81 86 104 113 118 119 134 141 171 200 279
170 2 5 17 19 30 46 62 81 85 87 96 112 114 115 138 139
171 0 77 84 85 88 93 95 97 99 101 102 105 106 109 142 164
172 49 72 80 88 98 99 101 106 120 121 128 131 133 141 164 292
173 13 15 52 57 77 99 100 101 102 103 110 123 147 159 183 201
174 4 19 32 48 90 96 99 101 102 120 130 133 154 169
175 4 27 30 32 81 97 98 99 100 103 124 125 132 137 149 275
176 0 58 90 92 97 98 100 102 118 126 130 134 141 149 239
177 9 32 35 36 39 48 49 63 75 91 96 101 137 142 166 232
178 0 27 67 81 83 86 96 97 98 100 129 144 160 189 207 208
179 9 27 58 80 86 96 98 100 102 115 117 120 125 129 131 139
180 78 81 89 90 93 96 101 103 105 106 129 202 278 281
181 8 12 20 56 58 80 86 89 94 97 99 106 129 142 144 217
182 0 3 34 36 38 48 64 83 96 109 119 153 157 236
183 1 4 13 52 60 63 79 92 118 122 123 126 137 141 143 182
184 0 3 55 66 70 72 93 98 101 107 109 116 122 127 137 254
185 8 13 96 97 99 101 102 120 128 131 137 142 149 208 210
186 0 37 40 47 59 66 90 96 99 102 126 133 134 143 163 224
187 0 44 49 86 97 99 100 101 104 105 106 126 136 146 261 295
188 0 20 27 74 77 78 97 98 102 115 117 125 126 131 138 139
189 25 34 36 37 49 59 74 88 90 96 99 121 122 123 132 202
190 79 81 84 85 88 95 102 103 105 108 123 129 139 142 144 147
191 8 26 63 84 96 97 98 99 100 102 104 105 116 147 236 263
192 20 24 30 32 35 49 50 58 75 102 119 126 142 162 174
193 3 15 58 59 90 96 123 125 126 129 134 139 144 146 171 262
194 0 77 80 84 86 99 100 101 104 120 121 123 129 139 144 147
195 0 42 77 80 84 86 88 94 95 96 101 103 108 127 150 283
196 3 5 15 35 39 40 51 56 64 82 87 103 125 138 145 149
197 21 66 70 77 96 101 108 111 113 117 124 131 137 138 166
198 1 8 74 86 100 103 104 106 107 109 123 129 139 144 271 274
199 2 5 8 23 30 62 80 87 97 120 131 141 146 148
200 9 40 49 61 68 83 90 91 94 100 101 102 122 132 143 276
201 6 10 14 21 25 30 31 35 73 88 91 96 121 134 135 140
202 20 21 26 75 76 79 84 97 120 124 127 134 137 146 291
203 65 81 84 91 98 99 100 102 129 142 143 145 147 149 196
204 1 9 24 26 30 47 50 59 66 70 90 100 110 133 142 147
205 0 3 11 104 121 181 198 211 230 231 240 250 252 258 290
206 10 32 43 45 58 62 79 86 96 97 100 102 114 131
207 6 16 20 42 61 68 72 97 105 117 127 135 137 141 143 243
208 1 5 10 57 60 61 74 97 99 100 101 120 126 129 142
209 11 26 28 29 82 83 85 86 88 98 99 101 103 104 110
210 8 62 81 82 84 89 94 100 101 104 106 114 116 121
211 0 25 27 71 78 86 97 99 101 102 125 137 144 178 187 210
212 0 18 24 33 34 71 83 94 102 107 123 133 136 141 149 162
213 1 8 11 15 27 71 74 77 92 99 103 140 148 237 248 254
214 5 12 45 56 65 72 77 78 84 97 99 109 115 132 133 147
215 31 74 76 80 95 96 106 110 112 124 131 133 137 141 142 148
216 1 3 4 5 6 8 27 42 44 76 96 101 121 130 137 144
217 3 25 34 39 41 42 48 82 106 108 112 114 125 136 138 171
218 14 72 77 81 82 84 95 98 106 109 114 138 142 148 247 292
219 4 9 14 35 71 75 79 96 97 100 104 105 118 132 134 142
220 16 21 66 71 87 89 92 105 122 136 142 147 219 246 267
221 5 52 68 83 88 91 93 105 112 121 122 165 199 236 284
222 0 74 77 79 83 94 101 102 103 108 111 125 130 141 147 253
223 27 39 75 77 80 86 106 107 109 111 115 125 143 220 228 233
224 0 27 60 70 71 88 94 98 101 102 122 124 125 132 142 144
225 0 54 65 86 90 96 97 107 137 142 177 184 213 236 245 247
226 53 60 71 82 103 104 107 145 154 172 181 208 246 257
227 0 79 81 82 84 85 87 88 97 107 125 143 145 176
228 0 8 27 71 86 88 97 100 103 117 129 133 138 139 144 253
229 0 49 71 87 88 96 98 99 106 120 121 149 156 203 206
230 0 9 71 80 84 99 100 101 104 111 120 136 138 206 268 286
231 28 92 93 94 95 98 101 115 129 138 139 141 149 181 273
232 4 18 27 49 74 76 83 87 88 95 96 98 108 109
233 24 25 53 59 79 85 118 133 139 181 186 206 214 286 289 294
234 85 86 99 102 105 107 110 113 118 119 126 129 134 139 146 259
235 51 80 88 96 102 106 107 112 117 121 141 147 148 279 288
236 69 78 94 95 97 99 111 113 189 215 247 248 249 250
237 0 8 26 31 66 96 98 99 100 101 116 122 132 147 192 276
238 17 30 38 58 59 102 112 124 156 158 159 160 165 258 264 266
239 29 36 79 85 89 90 113 117 121 124 131 133 134 136 145 272
240 1 30 38 50 55 59 70 76 88 96 97 99 102 110 139
241 21 25 31 43 52 55 68 73 99 101 105 122 123 124 137
242 0 6 24 29 49 54 89 92 98 102 105 112 127 133 135 138
243 0 37 78 90 97 98 102 120 131 133 138 146 168 171 223 248
244 91 99 102 120 130 134 137 141 149 162 184 215 249 266
245 0 85 87 88 94 97 98 103 105 108 111 115 146 185 288
246 4 24 26 30 47 50 78 92 102 110 117 119 133 134 148
247 0 1 21 49 66 74 77 92 97 110 121 122 136 137 263 283
248 2 4 13 20 25 61 69 79 102 103 109 130 132 149 165
249 0 1 13 27 35 43 58 74 77 98 100 103 110 129 139 144
250 79 80 96 101 102 107 111 122 124 125 132 136 144 148 149
251 12 31 40 43 52 54 58 59 61 92 123 135 148 245
252 0 81 87 88 91 94 97 100 114 120 126 135 136 147 158 215
253 25 46 72 84 96 98 100 102 105 132 147 152 184 191 238 290
254 6 34 51 54 86 96 97 100 101 102 103 131 133 244 252 272
255 16 22 24 26 30 33 34 36 51 79 112 121 123 144
256 0 17 36 49 56 58 71 98 101 102 125 136 139 144 174 244
257 7 8 19 27 43 44 45 59 82 86 103 108 117 118 138 143
258 2 6 8 24 29 47 62 78 124 175 188 192 215 230
259 4 9 10 61 92 96 98 100 120 133 142 234 242 298
260 0 3 9 10 32 38 46 57 74 75 117 118 119 120 121 126
261 0 4 32 40 49 57 71 92 96 99 101 119 120 130 142 149
262 77 78 79 90 102 104 105 117 118 119 131 137 138 142 147
263 47 55 67 81 92 136 140 141 156 171 195 229 277 279 285 291
264 0 21 40 61 71 72 81 98 100 103 115 119 120 139 140 144
265 4 19 48 63 75 78 80 90 91 92 100 107 109 133 143 239
266 0 23 49 58 78 86 88 96 98 101 112 117 121 125 158 294
267 0 1 74 96 100 102 110 115 123 125 139 144 163 266
268 2 15 49 50 71 85 103 104 105 115 118 138 139 142 145 260
269 0 13 55 58 63 70 95 102 103 107 130 132 136 138 142 189
270 0 77 83 87 95 101 103 104 106 110 129 136 141 149 292 297
271 19 23 27 44 64 67 71 80 86 93 97 100 101 125 237
272 90 104 105 117 130 133 135 146 206 212 214 219 229 247 257 258
273 19 32 35 36 46 49 58 61 75 99 102 120 133 287 290 291
274 0 6 34 36 42 51 64 80 83 97 99 119 121 131 133 173
275 0 16 24 30 31 76 88 92 103 114 129 134 136 144 146 279
276 0 1 77 78 87 94 100 103 109 110 111 113 123 134 171
277 2 6 7 52 62 80 93 166 196 205 208 255 265 266 293 296
278 4 9 19 40 63 94 95 100 110 111 113 115 129 133 136 140
279 9 19 36 40 61 68 90 99 100 120 126 133 134 149 234
280 4 10 14 36 44 63 75 79 98 99 101 109 137 143 145 191
281 22 77 79 80 82 93 95 97 111 122 124 131 138 144 146 147
282 4 10 36 39 57 90 91 97 99 100 112 118 137 141 142 163
283 10 14 24 30 32 35 38 39 48 57 58 88 90 126 134 147
284 10 20 37 69 72 116 123 130 162 180 185 191 236 247 278 282
285 7 77 81 82 88 102 110 121 126 132 134 136 143 146
286 0 4 94 96 97 98 102 108 144 147 183 199 200 225 244 258
287 0 27 49 71 78 86 91 92 103 107 112 120 145 253
288 0 32 35 40 74 75 91 97 99 102 118 120 134 142 232 279
289 21 36 38 48 50 58 64 67 96 98 115 137 139 144 294
